2002.29       0.00     178.90
2002.35      18.50     102.47
2002.62     -60.48      83.09
2002.71      44.62      97.19
2002.79      61.76      61.82
2002.87     -69.33      58.68
2002.96     -47.09      59.19
2003.04     -47.43      64.73
2003.12    -198.60      48.10
2003.20    -168.52      42.95
2003.29     -40.58      43.58
2003.36       3.09      48.24
2003.54    -126.90      37.86
2003.62    -121.66      39.87
2003.71    -130.16      39.61
2003.79     -48.04      40.19
2003.87    -107.47      40.89
2003.96    -272.90      39.82
2004.02    -329.57      43.72
2004.13    -488.10      40.46
2004.21    -336.35      37.97
2004.29    -383.52      37.56
2004.37    -153.76      38.36
2004.46    -185.65      37.47
2004.54    -311.37      34.08
2004.62    -165.76      35.44
2004.71    -160.88      36.20
2004.79     -86.00      33.33
2004.87    -225.97      36.02
2004.96    -304.77      35.33
2005.04    -390.45      33.76
2005.12    -453.82      35.22
2005.20    -404.22      34.97
2005.29    -249.85      34.30
2005.37    -227.22      35.04
2005.46    -202.61      35.16
2005.54    -158.28      33.88
2005.62    -208.60      34.19
2005.71    -112.12      33.91
2005.79    -106.26      33.17
2005.87     -60.94      33.08
2005.96    -159.25      38.45
2006.04    -222.90      34.46
2006.12    -316.37      35.03
2006.20    -181.52      35.19
2006.29    -156.99      35.23
2006.37     -76.69      35.51
2006.45     -48.79      37.90
2006.54     -98.60      37.37
2006.62     -12.83      36.14
2006.71     -21.68      37.96
2006.79     -95.71      37.00
2006.87     -88.05      36.85
2006.96    -232.82      37.92
2007.04    -436.18      38.38
2007.12    -426.71      37.94
2007.20    -358.96      37.66
2007.29    -334.64      37.77
2007.37    -179.49      37.57
2007.45    -190.34      38.38
2007.54    -268.78      37.52
2007.62    -232.18      39.45
2007.71    -159.44      39.17
2007.79    -246.51      39.51
2007.87    -438.33      40.82
2007.96    -520.22      39.77
2008.04    -726.89      39.43
2008.12    -605.30      41.45
2008.21    -737.93      40.25
2008.29    -561.87      42.17
2008.37    -471.68      40.75
2008.46    -555.45      40.38
2008.54    -650.26      40.84
2008.62    -602.77      40.15
2008.71    -445.65      40.44
2008.79    -533.60      39.48
2008.87    -519.85      40.89
2008.96    -624.13      40.43
2009.04    -704.53      39.60
2009.12    -678.90      39.72
2009.20    -615.39      39.33
2009.29    -579.85      36.58
2009.37    -553.70      35.97
2009.46    -539.40      35.73
2009.54    -438.18      36.75
2009.62    -470.26      34.71
2009.71    -482.74      33.67
2009.79    -536.84      33.92
2009.87    -523.89      33.46
2009.96    -632.27      33.43
2010.04    -800.71      33.03
2010.12    -807.22      32.76
2010.20    -689.17      34.51
2010.29    -759.37      32.20
2010.37    -781.33      32.63
2010.45    -793.71      38.44
2010.54    -996.72      35.63
2010.62    -926.99      34.62
2010.71    -847.40      36.40
2010.79    -880.50      38.44
2010.87    -900.64      39.59
2010.95    -913.59      40.67
2011.13   -1001.78      43.16
2011.20   -1017.37      41.62
2011.29   -1029.65      41.22
2011.37    -963.27      40.16
2011.54    -914.12      42.75
2011.62    -929.60      40.50
2011.71    -841.24      39.71
2011.79    -886.89      38.98
2011.83    -881.52      39.28
2012.00   -1148.87      39.05
2012.04   -1077.27      37.63
2012.12   -1141.04      38.79
2012.21   -1119.61      37.12
2012.26   -1058.97      43.32
2012.46   -1094.72      39.99
2012.54   -1062.75      38.80
2012.62    -984.28      37.70
2012.70    -951.45      41.16
2012.88   -1073.60      41.62
2012.96   -1118.57      39.53
2013.04   -1288.40      38.98
2013.12   -1394.93      40.16
2013.30   -1139.17      41.36
2013.37   -1240.37      37.57
2013.46   -1249.16      38.44
2013.54   -1213.64      37.79
2013.79   -1303.96      38.01
2013.87   -1350.44      36.03
2013.96   -1401.64      35.45
2014.02   -1510.71      40.12
2014.20   -1618.63      32.35
2014.29   -1536.57      33.19
2014.37   -1444.02      33.14
2014.45   -1488.69      35.04
2014.62   -1539.08      33.51
2014.71   -1367.07      33.00
2014.79   -1454.62      31.99
2014.88   -1530.54      31.56
2015.06   -1833.18      35.31
2015.12   -1908.93      56.93
2015.20   -1873.69      30.75
2015.29   -1852.61      32.24
2015.32   -1781.63      34.83
2015.53   -1752.41      37.19
2015.62   -1901.59      34.62
2015.70   -1852.88      36.97
2015.98   -1898.05      36.86
2016.04   -1920.04      35.36
2016.12   -1994.77      34.10
2016.21   -1930.96      35.08
2016.38   -1798.92      37.40
2016.46   -1779.49      34.43
2016.54   -1663.64      34.27
2016.64   -1616.79      36.53
2016.91   -1682.12      61.29
2016.98   -1595.14      61.17
2017.06   -1618.06      60.59
2017.25   -1947.58      61.89
2017.31   -1864.79      61.25
2017.36   -1827.44      59.86
2017.44   -1834.85      59.77
2018.45   -2011.29      34.32
2018.52   -2038.65      31.41
2018.83   -2181.75      30.20
2018.87   -2139.33      28.13
2018.96   -2278.93      27.39
2019.04   -2396.49      27.14
2019.12   -2456.18      27.09
2019.20   -2402.51      26.84
2019.29   -2369.12      26.83
2019.37   -2209.54      26.77
2019.45   -2265.60      26.75
2019.54   -2128.46      26.79
2019.62   -2290.19      26.77
2019.71   -2333.01      26.75
2019.79   -2315.12      26.77
2019.87   -2324.30      26.73
2019.96   -2431.05      26.72
2020.04   -2675.41      26.90
2020.12   -2777.95      26.90
2020.21   -2699.03      26.71
2020.29   -2576.32      26.79
2020.37   -2453.85      26.76
2020.46   -2396.04      26.73
2020.54   -2446.53      26.76
2020.62   -2408.31      26.76
2020.71   -2469.80      26.73
2020.79   -2532.65      26.76
2020.87   -2600.90      26.84
2020.96   -2647.80      26.74
2021.04   -2860.19      26.74
2021.12   -2648.34      26.82
2021.20   -2675.62      26.70
2021.29   -2459.77      26.71
2021.37   -2488.00      26.74
2021.46   -2661.39      26.69
2021.54   -2672.21      26.69
2021.62   -2611.67      26.73
2021.71   -2699.11      26.69
2021.79   -2500.67      26.69
2021.87   -2738.71      26.78
2021.96   -2643.95      26.71
2022.04   -2736.97      26.73
2022.12   -2695.79      26.86
2022.20   -2619.82      26.79
2022.29   -2381.01      26.79
2022.37   -2285.63      26.81
2022.45   -2306.92      26.80
2022.54   -2415.71      27.51
2022.62   -2369.81      28.41
2022.71   -2353.78      29.18
2022.79   -2408.90      29.97
2022.87   -2340.82      30.95
2022.96   -2341.00      31.86
2023.04   -2409.59      32.69
2023.12   -2460.45      33.76
2023.20   -2362.12      39.74
2023.29   -2151.29      46.66
2023.37   -2297.35      54.98
2023.45   -2298.12      64.28
