2002.29       0.00     134.28
2002.35      67.31      70.59
2002.62    -220.59      53.36
2002.71    -243.74      64.95
2002.79    -210.68      39.05
2002.87    -209.47      35.79
2002.96    -194.40      36.71
2003.04    -149.78      41.40
2003.12    -158.79      29.73
2003.20     -95.64      25.92
2003.29     -49.67      25.76
2003.36     -42.48      28.20
2003.54    -217.78      21.24
2003.62    -353.42      22.00
2003.71    -394.84      22.31
2003.79    -393.26      22.74
2003.87    -394.10      22.48
2003.96    -354.94      22.31
2004.02    -378.61      25.92
2004.13    -386.67      22.51
2004.21    -364.68      21.05
2004.29    -301.09      21.09
2004.37    -319.71      21.34
2004.46    -338.78      21.21
2004.54    -435.82      19.09
2004.62    -559.61      19.86
2004.71    -599.33      20.83
2004.79    -618.64      18.79
2004.87    -577.82      20.53
2004.96    -553.31      20.55
2005.04    -566.94      19.55
2005.12    -544.93      20.46
2005.20    -499.80      20.51
2005.29    -491.59      20.33
2005.37    -457.40      20.55
2005.46    -504.06      20.90
2005.54    -631.52      20.08
2005.62    -820.41      19.86
2005.71    -886.23      19.72
2005.79    -878.47      19.50
2005.87    -874.67      18.99
2005.96    -825.41      23.51
2006.04    -848.87      20.40
2006.12    -800.98      20.53
2006.20    -780.99      20.26
2006.29    -804.60      20.65
2006.37    -793.00      20.41
2006.45    -806.39      22.18
2006.54    -893.08      22.05
2006.62   -1019.81      20.53
2006.71   -1081.68      21.77
2006.79   -1067.18      21.40
2006.87   -1093.19      20.86
2006.96   -1102.33      21.41
2007.04   -1070.67      22.08
2007.12   -1029.07      21.49
2007.20   -1037.97      20.81
2007.29   -1025.56      21.33
2007.37   -1013.26      20.97
2007.45   -1032.43      21.23
2007.54   -1162.38      21.02
2007.62   -1358.47      22.52
2007.71   -1421.13      22.09
2007.79   -1448.13      22.80
2007.87   -1423.26      23.63
2007.96   -1365.10      22.40
2008.04   -1326.10      22.49
2008.12   -1344.55      24.10
2008.21   -1290.53      22.49
2008.29   -1308.32      24.36
2008.37   -1323.52      23.25
2008.46   -1328.15      22.23
2008.54   -1474.70      23.06
2008.62   -1633.98      22.50
2008.71   -1697.09      22.33
2008.79   -1687.37      22.18
2008.87   -1613.58      23.70
2008.96   -1541.77      23.08
2009.04   -1522.86      22.94
2009.12   -1568.03      23.44
2009.20   -1567.46      22.93
2009.29   -1547.33      20.98
2009.37   -1530.18      20.79
2009.46   -1538.64      20.45
2009.54   -1647.77      21.89
2009.62   -1856.35      20.85
2009.71   -1909.93      19.96
2009.79   -1886.63      20.57
2009.87   -1867.00      20.47
2009.96   -1842.69      20.22
2010.04   -1846.48      19.95
2010.12   -1828.12      19.78
2010.20   -1816.47      20.95
2010.29   -1840.21      19.08
2010.37   -1807.32      19.39
2010.45   -1914.49      23.42
2010.54   -2088.82      20.32
2010.62   -2281.93      19.47
2010.71   -2381.12      20.23
2010.79   -2343.45      21.78
2010.87   -2362.25      22.91
2010.95   -2344.88      23.48
2011.13   -2324.14      26.47
2011.20   -2308.79      24.50
2011.29   -2305.08      23.66
2011.37   -2324.38      22.91
2011.54   -2515.16      24.27
2011.62   -2706.85      22.74
2011.71   -2765.58      21.63
2011.79   -2787.50      20.78
2011.83   -2787.87      21.22
2012.00   -2727.07      20.43
2012.04   -2737.67      19.47
2012.12   -2720.25      20.90
2012.21   -2674.77      19.20
2012.26   -2664.28      23.08
2012.46   -2692.74      21.13
2012.54   -2923.22      20.10
2012.62   -3231.04      20.02
2012.70   -3331.98      22.37
2012.88   -3267.29      22.92
2012.96   -3253.83      20.87
2013.04   -3250.07      20.39
2013.12   -3242.54      22.08
2013.30   -3239.42      22.79
2013.37   -3203.72      20.22
2013.46   -3185.40      20.76
2013.54   -3297.34      20.22
2013.79   -3362.14      20.13
2013.87   -3360.84      19.50
2013.96   -3349.36      19.17
2014.02   -3334.00      22.93
2014.20   -3282.36      17.07
2014.29   -3270.57      17.46
2014.37   -3269.19      17.76
2014.45   -3308.80      19.27
2014.62   -3592.51      18.08
2014.71   -3629.28      17.47
2014.79   -3613.79      16.66
2014.88   -3609.46      16.71
2015.06   -3525.00      19.55
2015.12   -3531.39      33.53
2015.20   -3486.10      15.05
2015.29   -3477.01      15.84
2015.32   -3472.86      16.95
2015.53   -3660.25      18.02
2015.62   -3793.01      17.47
2015.70   -3832.70      19.26
2015.98   -3774.33      20.01
2016.04   -3719.56      18.43
2016.12   -3741.65      17.34
2016.21   -3741.63      17.48
2016.38   -3709.48      18.71
2016.46   -3705.45      17.74
2016.54   -3878.63      18.46
2016.64   -4130.64      21.23
2016.91   -4005.09      41.30
2016.98   -4070.45      41.14
2017.06   -4021.95      41.13
2017.25   -4015.31      40.96
2017.31   -3977.07      40.28
2017.36   -3968.81      39.47
2017.44   -4001.10      39.04
2018.45   -4042.46      19.69
2018.52   -4071.27      18.74
2018.83   -4260.77      18.31
2018.87   -4226.30      16.68
2018.96   -4201.97      16.15
2019.04   -4206.63      15.93
2019.12   -4242.06      16.16
2019.20   -4256.46      15.87
2019.29   -4240.45      15.74
2019.37   -4196.34      15.79
2019.45   -4270.60      15.85
2019.54   -4462.53      15.72
2019.62   -4708.03      15.80
2019.71   -4815.07      15.88
2019.79   -4807.56      15.68
2019.87   -4737.82      15.73
2019.96   -4736.30      15.83
2020.04   -4794.18      15.95
2020.12   -4785.89      16.02
2020.21   -4787.76      15.84
2020.29   -4756.48      15.75
2020.37   -4731.35      15.72
2020.46   -4770.00      15.85
2020.54   -4903.05      15.72
2020.62   -4999.58      15.71
2020.71   -5015.04      15.85
2020.79   -4948.91      15.76
2020.87   -4936.85      15.84
2020.96   -4942.51      15.85
2021.04   -4915.52      15.73
2021.12   -4941.48      15.77
2021.20   -4922.40      15.80
2021.29   -4883.15      15.72
2021.37   -4930.09      15.63
2021.46   -4917.88      15.78
2021.54   -4961.73      15.72
2021.62   -5110.53      15.63
2021.71   -5160.19      15.78
2021.79   -5203.38      15.73
2021.87   -5198.53      15.72
2021.96   -5156.35      15.77
2022.04   -5127.09      15.80
2022.12   -5115.45      15.84
2022.20   -5086.03      15.85
2022.29   -5099.45      15.91
2022.37   -5091.58      15.76
2022.45   -5075.09      15.81
2022.54   -5178.49      16.76
2022.62   -5293.44      17.66
2022.71   -5340.80      18.60
2022.79   -5329.30      19.58
2022.87   -5250.97      20.41
2022.96   -5205.19      21.47
2023.04   -5304.74      22.52
2023.12   -5306.68      23.39
2023.20   -5252.40      29.13
2023.29   -5267.72      35.87
2023.37   -5246.85      42.99
2023.45   -5218.44      51.13
